{
 "cells": [
  {
   "cell_type": "code",
   "execution_count": 2,
   "metadata": {},
   "outputs": [],
   "source": [
    "import numpy as np\n",
    "import pandas as pd\n",
    "import matplotlib.pyplot as plt"
   ]
  },
  {
   "cell_type": "markdown",
   "metadata": {},
   "source": [
    "# Splitting Dataset\n",
    "\n",
    "- Common practice:\n",
    "    \n",
    "    Dataset ```[0 1 2 3 4 5 6 7 8 9]``` => semua data di datasets digunakan untuk training model ML\n",
    "\n",
    "    Effect: \n",
    "    - model ML _overfitting_ terhadap dataset yang dimiliki (yang dipakai untuk train)\n",
    "    - model ML _underfitting_ terhadap data baru\n",
    "\n",
    "<hr>\n",
    "\n",
    "- Best practice:\n",
    "\n",
    "    Dataset ```[0 1 2 3 4 5 6 7 8 9]```\n",
    "    \n",
    "    Contoh Splitting dataset:\n",
    "    - 75% untuk training: 7 data pertama / 7 data acak\n",
    "    - 25% untuk testing: 3 data terakhir / 3 data acak              "
   ]
  },
  {
   "cell_type": "code",
   "execution_count": 8,
   "metadata": {},
   "outputs": [],
   "source": [
    "from sklearn.datasets import load_boston\n",
    "dataBoston = load_boston()"
   ]
  },
  {
   "cell_type": "code",
   "execution_count": 11,
   "metadata": {},
   "outputs": [
    {
     "data": {
      "text/html": [
       "<div>\n",
       "<style scoped>\n",
       "    .dataframe tbody tr th:only-of-type {\n",
       "        vertical-align: middle;\n",
       "    }\n",
       "\n",
       "    .dataframe tbody tr th {\n",
       "        vertical-align: top;\n",
       "    }\n",
       "\n",
       "    .dataframe thead th {\n",
       "        text-align: right;\n",
       "    }\n",
       "</style>\n",
       "<table border=\"1\" class=\"dataframe\">\n",
       "  <thead>\n",
       "    <tr style=\"text-align: right;\">\n",
       "      <th></th>\n",
       "      <th>CRIM</th>\n",
       "      <th>ZN</th>\n",
       "      <th>INDUS</th>\n",
       "      <th>CHAS</th>\n",
       "      <th>NOX</th>\n",
       "      <th>RM</th>\n",
       "      <th>AGE</th>\n",
       "      <th>DIS</th>\n",
       "      <th>RAD</th>\n",
       "      <th>TAX</th>\n",
       "      <th>PTRATIO</th>\n",
       "      <th>B</th>\n",
       "      <th>LSTAT</th>\n",
       "      <th>PRICE</th>\n",
       "    </tr>\n",
       "  </thead>\n",
       "  <tbody>\n",
       "    <tr>\n",
       "      <th>0</th>\n",
       "      <td>0.00632</td>\n",
       "      <td>18.0</td>\n",
       "      <td>2.31</td>\n",
       "      <td>0.0</td>\n",
       "      <td>0.538</td>\n",
       "      <td>6.575</td>\n",
       "      <td>65.2</td>\n",
       "      <td>4.0900</td>\n",
       "      <td>1.0</td>\n",
       "      <td>296.0</td>\n",
       "      <td>15.3</td>\n",
       "      <td>396.90</td>\n",
       "      <td>4.98</td>\n",
       "      <td>24.0</td>\n",
       "    </tr>\n",
       "    <tr>\n",
       "      <th>1</th>\n",
       "      <td>0.02731</td>\n",
       "      <td>0.0</td>\n",
       "      <td>7.07</td>\n",
       "      <td>0.0</td>\n",
       "      <td>0.469</td>\n",
       "      <td>6.421</td>\n",
       "      <td>78.9</td>\n",
       "      <td>4.9671</td>\n",
       "      <td>2.0</td>\n",
       "      <td>242.0</td>\n",
       "      <td>17.8</td>\n",
       "      <td>396.90</td>\n",
       "      <td>9.14</td>\n",
       "      <td>21.6</td>\n",
       "    </tr>\n",
       "    <tr>\n",
       "      <th>2</th>\n",
       "      <td>0.02729</td>\n",
       "      <td>0.0</td>\n",
       "      <td>7.07</td>\n",
       "      <td>0.0</td>\n",
       "      <td>0.469</td>\n",
       "      <td>7.185</td>\n",
       "      <td>61.1</td>\n",
       "      <td>4.9671</td>\n",
       "      <td>2.0</td>\n",
       "      <td>242.0</td>\n",
       "      <td>17.8</td>\n",
       "      <td>392.83</td>\n",
       "      <td>4.03</td>\n",
       "      <td>34.7</td>\n",
       "    </tr>\n",
       "    <tr>\n",
       "      <th>3</th>\n",
       "      <td>0.03237</td>\n",
       "      <td>0.0</td>\n",
       "      <td>2.18</td>\n",
       "      <td>0.0</td>\n",
       "      <td>0.458</td>\n",
       "      <td>6.998</td>\n",
       "      <td>45.8</td>\n",
       "      <td>6.0622</td>\n",
       "      <td>3.0</td>\n",
       "      <td>222.0</td>\n",
       "      <td>18.7</td>\n",
       "      <td>394.63</td>\n",
       "      <td>2.94</td>\n",
       "      <td>33.4</td>\n",
       "    </tr>\n",
       "    <tr>\n",
       "      <th>4</th>\n",
       "      <td>0.06905</td>\n",
       "      <td>0.0</td>\n",
       "      <td>2.18</td>\n",
       "      <td>0.0</td>\n",
       "      <td>0.458</td>\n",
       "      <td>7.147</td>\n",
       "      <td>54.2</td>\n",
       "      <td>6.0622</td>\n",
       "      <td>3.0</td>\n",
       "      <td>222.0</td>\n",
       "      <td>18.7</td>\n",
       "      <td>396.90</td>\n",
       "      <td>5.33</td>\n",
       "      <td>36.2</td>\n",
       "    </tr>\n",
       "  </tbody>\n",
       "</table>\n",
       "</div>"
      ],
      "text/plain": [
       "      CRIM    ZN  INDUS  CHAS    NOX     RM   AGE     DIS  RAD    TAX  \\\n",
       "0  0.00632  18.0   2.31   0.0  0.538  6.575  65.2  4.0900  1.0  296.0   \n",
       "1  0.02731   0.0   7.07   0.0  0.469  6.421  78.9  4.9671  2.0  242.0   \n",
       "2  0.02729   0.0   7.07   0.0  0.469  7.185  61.1  4.9671  2.0  242.0   \n",
       "3  0.03237   0.0   2.18   0.0  0.458  6.998  45.8  6.0622  3.0  222.0   \n",
       "4  0.06905   0.0   2.18   0.0  0.458  7.147  54.2  6.0622  3.0  222.0   \n",
       "\n",
       "   PTRATIO       B  LSTAT  PRICE  \n",
       "0     15.3  396.90   4.98   24.0  \n",
       "1     17.8  396.90   9.14   21.6  \n",
       "2     17.8  392.83   4.03   34.7  \n",
       "3     18.7  394.63   2.94   33.4  \n",
       "4     18.7  396.90   5.33   36.2  "
      ]
     },
     "execution_count": 11,
     "metadata": {},
     "output_type": "execute_result"
    }
   ],
   "source": [
    "dfBoston = pd.DataFrame(\n",
    "    dataBoston['data'],\n",
    "    columns = dataBoston['feature_names']\n",
    ")\n",
    "dfBoston['PRICE'] = dataBoston['target']\n",
    "dfBoston.head()"
   ]
  },
  {
   "cell_type": "markdown",
   "metadata": {},
   "source": [
    "<hr>\n",
    "\n",
    "### 1. Splitting Manually (80% training, 20% testing)"
   ]
  },
  {
   "cell_type": "code",
   "execution_count": 13,
   "metadata": {},
   "outputs": [
    {
     "data": {
      "text/html": [
       "<div>\n",
       "<style scoped>\n",
       "    .dataframe tbody tr th:only-of-type {\n",
       "        vertical-align: middle;\n",
       "    }\n",
       "\n",
       "    .dataframe tbody tr th {\n",
       "        vertical-align: top;\n",
       "    }\n",
       "\n",
       "    .dataframe thead th {\n",
       "        text-align: right;\n",
       "    }\n",
       "</style>\n",
       "<table border=\"1\" class=\"dataframe\">\n",
       "  <thead>\n",
       "    <tr style=\"text-align: right;\">\n",
       "      <th></th>\n",
       "      <th>CRIM</th>\n",
       "      <th>ZN</th>\n",
       "      <th>INDUS</th>\n",
       "      <th>CHAS</th>\n",
       "      <th>NOX</th>\n",
       "      <th>RM</th>\n",
       "      <th>AGE</th>\n",
       "      <th>DIS</th>\n",
       "      <th>RAD</th>\n",
       "      <th>TAX</th>\n",
       "      <th>PTRATIO</th>\n",
       "      <th>B</th>\n",
       "      <th>LSTAT</th>\n",
       "      <th>PRICE</th>\n",
       "    </tr>\n",
       "  </thead>\n",
       "  <tbody>\n",
       "    <tr>\n",
       "      <th>0</th>\n",
       "      <td>0.00632</td>\n",
       "      <td>18.0</td>\n",
       "      <td>2.31</td>\n",
       "      <td>0.0</td>\n",
       "      <td>0.538</td>\n",
       "      <td>6.575</td>\n",
       "      <td>65.2</td>\n",
       "      <td>4.0900</td>\n",
       "      <td>1.0</td>\n",
       "      <td>296.0</td>\n",
       "      <td>15.3</td>\n",
       "      <td>396.90</td>\n",
       "      <td>4.98</td>\n",
       "      <td>24.0</td>\n",
       "    </tr>\n",
       "    <tr>\n",
       "      <th>1</th>\n",
       "      <td>0.02731</td>\n",
       "      <td>0.0</td>\n",
       "      <td>7.07</td>\n",
       "      <td>0.0</td>\n",
       "      <td>0.469</td>\n",
       "      <td>6.421</td>\n",
       "      <td>78.9</td>\n",
       "      <td>4.9671</td>\n",
       "      <td>2.0</td>\n",
       "      <td>242.0</td>\n",
       "      <td>17.8</td>\n",
       "      <td>396.90</td>\n",
       "      <td>9.14</td>\n",
       "      <td>21.6</td>\n",
       "    </tr>\n",
       "    <tr>\n",
       "      <th>2</th>\n",
       "      <td>0.02729</td>\n",
       "      <td>0.0</td>\n",
       "      <td>7.07</td>\n",
       "      <td>0.0</td>\n",
       "      <td>0.469</td>\n",
       "      <td>7.185</td>\n",
       "      <td>61.1</td>\n",
       "      <td>4.9671</td>\n",
       "      <td>2.0</td>\n",
       "      <td>242.0</td>\n",
       "      <td>17.8</td>\n",
       "      <td>392.83</td>\n",
       "      <td>4.03</td>\n",
       "      <td>34.7</td>\n",
       "    </tr>\n",
       "    <tr>\n",
       "      <th>3</th>\n",
       "      <td>0.03237</td>\n",
       "      <td>0.0</td>\n",
       "      <td>2.18</td>\n",
       "      <td>0.0</td>\n",
       "      <td>0.458</td>\n",
       "      <td>6.998</td>\n",
       "      <td>45.8</td>\n",
       "      <td>6.0622</td>\n",
       "      <td>3.0</td>\n",
       "      <td>222.0</td>\n",
       "      <td>18.7</td>\n",
       "      <td>394.63</td>\n",
       "      <td>2.94</td>\n",
       "      <td>33.4</td>\n",
       "    </tr>\n",
       "    <tr>\n",
       "      <th>4</th>\n",
       "      <td>0.06905</td>\n",
       "      <td>0.0</td>\n",
       "      <td>2.18</td>\n",
       "      <td>0.0</td>\n",
       "      <td>0.458</td>\n",
       "      <td>7.147</td>\n",
       "      <td>54.2</td>\n",
       "      <td>6.0622</td>\n",
       "      <td>3.0</td>\n",
       "      <td>222.0</td>\n",
       "      <td>18.7</td>\n",
       "      <td>396.90</td>\n",
       "      <td>5.33</td>\n",
       "      <td>36.2</td>\n",
       "    </tr>\n",
       "  </tbody>\n",
       "</table>\n",
       "</div>"
      ],
      "text/plain": [
       "      CRIM    ZN  INDUS  CHAS    NOX     RM   AGE     DIS  RAD    TAX  \\\n",
       "0  0.00632  18.0   2.31   0.0  0.538  6.575  65.2  4.0900  1.0  296.0   \n",
       "1  0.02731   0.0   7.07   0.0  0.469  6.421  78.9  4.9671  2.0  242.0   \n",
       "2  0.02729   0.0   7.07   0.0  0.469  7.185  61.1  4.9671  2.0  242.0   \n",
       "3  0.03237   0.0   2.18   0.0  0.458  6.998  45.8  6.0622  3.0  222.0   \n",
       "4  0.06905   0.0   2.18   0.0  0.458  7.147  54.2  6.0622  3.0  222.0   \n",
       "\n",
       "   PTRATIO       B  LSTAT  PRICE  \n",
       "0     15.3  396.90   4.98   24.0  \n",
       "1     17.8  396.90   9.14   21.6  \n",
       "2     17.8  392.83   4.03   34.7  \n",
       "3     18.7  394.63   2.94   33.4  \n",
       "4     18.7  396.90   5.33   36.2  "
      ]
     },
     "execution_count": 13,
     "metadata": {},
     "output_type": "execute_result"
    }
   ],
   "source": [
    "dfA = dfBoston.copy()\n",
    "dfA.head()"
   ]
  },
  {
   "cell_type": "code",
   "execution_count": 16,
   "metadata": {},
   "outputs": [
    {
     "data": {
      "text/plain": [
       "(405, 101)"
      ]
     },
     "execution_count": 16,
     "metadata": {},
     "output_type": "execute_result"
    }
   ],
   "source": [
    "# cek jumlah data 80% & 20%\n",
    "round(0.8 * 506), round(0.2 * 506)"
   ]
  },
  {
   "cell_type": "code",
   "execution_count": 17,
   "metadata": {},
   "outputs": [],
   "source": [
    "dfAtrain = dfA[:405]\n",
    "dfAtest = dfA[405:]"
   ]
  },
  {
   "cell_type": "code",
   "execution_count": 23,
   "metadata": {},
   "outputs": [
    {
     "data": {
      "text/html": [
       "<div>\n",
       "<style scoped>\n",
       "    .dataframe tbody tr th:only-of-type {\n",
       "        vertical-align: middle;\n",
       "    }\n",
       "\n",
       "    .dataframe tbody tr th {\n",
       "        vertical-align: top;\n",
       "    }\n",
       "\n",
       "    .dataframe thead th {\n",
       "        text-align: right;\n",
       "    }\n",
       "</style>\n",
       "<table border=\"1\" class=\"dataframe\">\n",
       "  <thead>\n",
       "    <tr style=\"text-align: right;\">\n",
       "      <th></th>\n",
       "      <th>CRIM</th>\n",
       "      <th>ZN</th>\n",
       "      <th>INDUS</th>\n",
       "      <th>CHAS</th>\n",
       "      <th>NOX</th>\n",
       "      <th>RM</th>\n",
       "      <th>AGE</th>\n",
       "      <th>DIS</th>\n",
       "      <th>RAD</th>\n",
       "      <th>TAX</th>\n",
       "      <th>PTRATIO</th>\n",
       "      <th>B</th>\n",
       "      <th>LSTAT</th>\n",
       "      <th>PRICE</th>\n",
       "    </tr>\n",
       "  </thead>\n",
       "  <tbody>\n",
       "    <tr>\n",
       "      <th>400</th>\n",
       "      <td>25.04610</td>\n",
       "      <td>0.0</td>\n",
       "      <td>18.1</td>\n",
       "      <td>0.0</td>\n",
       "      <td>0.693</td>\n",
       "      <td>5.987</td>\n",
       "      <td>100.0</td>\n",
       "      <td>1.5888</td>\n",
       "      <td>24.0</td>\n",
       "      <td>666.0</td>\n",
       "      <td>20.2</td>\n",
       "      <td>396.90</td>\n",
       "      <td>26.77</td>\n",
       "      <td>5.6</td>\n",
       "    </tr>\n",
       "    <tr>\n",
       "      <th>401</th>\n",
       "      <td>14.23620</td>\n",
       "      <td>0.0</td>\n",
       "      <td>18.1</td>\n",
       "      <td>0.0</td>\n",
       "      <td>0.693</td>\n",
       "      <td>6.343</td>\n",
       "      <td>100.0</td>\n",
       "      <td>1.5741</td>\n",
       "      <td>24.0</td>\n",
       "      <td>666.0</td>\n",
       "      <td>20.2</td>\n",
       "      <td>396.90</td>\n",
       "      <td>20.32</td>\n",
       "      <td>7.2</td>\n",
       "    </tr>\n",
       "    <tr>\n",
       "      <th>402</th>\n",
       "      <td>9.59571</td>\n",
       "      <td>0.0</td>\n",
       "      <td>18.1</td>\n",
       "      <td>0.0</td>\n",
       "      <td>0.693</td>\n",
       "      <td>6.404</td>\n",
       "      <td>100.0</td>\n",
       "      <td>1.6390</td>\n",
       "      <td>24.0</td>\n",
       "      <td>666.0</td>\n",
       "      <td>20.2</td>\n",
       "      <td>376.11</td>\n",
       "      <td>20.31</td>\n",
       "      <td>12.1</td>\n",
       "    </tr>\n",
       "    <tr>\n",
       "      <th>403</th>\n",
       "      <td>24.80170</td>\n",
       "      <td>0.0</td>\n",
       "      <td>18.1</td>\n",
       "      <td>0.0</td>\n",
       "      <td>0.693</td>\n",
       "      <td>5.349</td>\n",
       "      <td>96.0</td>\n",
       "      <td>1.7028</td>\n",
       "      <td>24.0</td>\n",
       "      <td>666.0</td>\n",
       "      <td>20.2</td>\n",
       "      <td>396.90</td>\n",
       "      <td>19.77</td>\n",
       "      <td>8.3</td>\n",
       "    </tr>\n",
       "    <tr>\n",
       "      <th>404</th>\n",
       "      <td>41.52920</td>\n",
       "      <td>0.0</td>\n",
       "      <td>18.1</td>\n",
       "      <td>0.0</td>\n",
       "      <td>0.693</td>\n",
       "      <td>5.531</td>\n",
       "      <td>85.4</td>\n",
       "      <td>1.6074</td>\n",
       "      <td>24.0</td>\n",
       "      <td>666.0</td>\n",
       "      <td>20.2</td>\n",
       "      <td>329.46</td>\n",
       "      <td>27.38</td>\n",
       "      <td>8.5</td>\n",
       "    </tr>\n",
       "  </tbody>\n",
       "</table>\n",
       "</div>"
      ],
      "text/plain": [
       "         CRIM   ZN  INDUS  CHAS    NOX     RM    AGE     DIS   RAD    TAX  \\\n",
       "400  25.04610  0.0   18.1   0.0  0.693  5.987  100.0  1.5888  24.0  666.0   \n",
       "401  14.23620  0.0   18.1   0.0  0.693  6.343  100.0  1.5741  24.0  666.0   \n",
       "402   9.59571  0.0   18.1   0.0  0.693  6.404  100.0  1.6390  24.0  666.0   \n",
       "403  24.80170  0.0   18.1   0.0  0.693  5.349   96.0  1.7028  24.0  666.0   \n",
       "404  41.52920  0.0   18.1   0.0  0.693  5.531   85.4  1.6074  24.0  666.0   \n",
       "\n",
       "     PTRATIO       B  LSTAT  PRICE  \n",
       "400     20.2  396.90  26.77    5.6  \n",
       "401     20.2  396.90  20.32    7.2  \n",
       "402     20.2  376.11  20.31   12.1  \n",
       "403     20.2  396.90  19.77    8.3  \n",
       "404     20.2  329.46  27.38    8.5  "
      ]
     },
     "execution_count": 23,
     "metadata": {},
     "output_type": "execute_result"
    }
   ],
   "source": [
    "dfAtrain.tail()"
   ]
  },
  {
   "cell_type": "code",
   "execution_count": 22,
   "metadata": {},
   "outputs": [
    {
     "data": {
      "text/html": [
       "<div>\n",
       "<style scoped>\n",
       "    .dataframe tbody tr th:only-of-type {\n",
       "        vertical-align: middle;\n",
       "    }\n",
       "\n",
       "    .dataframe tbody tr th {\n",
       "        vertical-align: top;\n",
       "    }\n",
       "\n",
       "    .dataframe thead th {\n",
       "        text-align: right;\n",
       "    }\n",
       "</style>\n",
       "<table border=\"1\" class=\"dataframe\">\n",
       "  <thead>\n",
       "    <tr style=\"text-align: right;\">\n",
       "      <th></th>\n",
       "      <th>CRIM</th>\n",
       "      <th>ZN</th>\n",
       "      <th>INDUS</th>\n",
       "      <th>CHAS</th>\n",
       "      <th>NOX</th>\n",
       "      <th>RM</th>\n",
       "      <th>AGE</th>\n",
       "      <th>DIS</th>\n",
       "      <th>RAD</th>\n",
       "      <th>TAX</th>\n",
       "      <th>PTRATIO</th>\n",
       "      <th>B</th>\n",
       "      <th>LSTAT</th>\n",
       "      <th>PRICE</th>\n",
       "    </tr>\n",
       "  </thead>\n",
       "  <tbody>\n",
       "    <tr>\n",
       "      <th>501</th>\n",
       "      <td>0.06263</td>\n",
       "      <td>0.0</td>\n",
       "      <td>11.93</td>\n",
       "      <td>0.0</td>\n",
       "      <td>0.573</td>\n",
       "      <td>6.593</td>\n",
       "      <td>69.1</td>\n",
       "      <td>2.4786</td>\n",
       "      <td>1.0</td>\n",
       "      <td>273.0</td>\n",
       "      <td>21.0</td>\n",
       "      <td>391.99</td>\n",
       "      <td>9.67</td>\n",
       "      <td>22.4</td>\n",
       "    </tr>\n",
       "    <tr>\n",
       "      <th>502</th>\n",
       "      <td>0.04527</td>\n",
       "      <td>0.0</td>\n",
       "      <td>11.93</td>\n",
       "      <td>0.0</td>\n",
       "      <td>0.573</td>\n",
       "      <td>6.120</td>\n",
       "      <td>76.7</td>\n",
       "      <td>2.2875</td>\n",
       "      <td>1.0</td>\n",
       "      <td>273.0</td>\n",
       "      <td>21.0</td>\n",
       "      <td>396.90</td>\n",
       "      <td>9.08</td>\n",
       "      <td>20.6</td>\n",
       "    </tr>\n",
       "    <tr>\n",
       "      <th>503</th>\n",
       "      <td>0.06076</td>\n",
       "      <td>0.0</td>\n",
       "      <td>11.93</td>\n",
       "      <td>0.0</td>\n",
       "      <td>0.573</td>\n",
       "      <td>6.976</td>\n",
       "      <td>91.0</td>\n",
       "      <td>2.1675</td>\n",
       "      <td>1.0</td>\n",
       "      <td>273.0</td>\n",
       "      <td>21.0</td>\n",
       "      <td>396.90</td>\n",
       "      <td>5.64</td>\n",
       "      <td>23.9</td>\n",
       "    </tr>\n",
       "    <tr>\n",
       "      <th>504</th>\n",
       "      <td>0.10959</td>\n",
       "      <td>0.0</td>\n",
       "      <td>11.93</td>\n",
       "      <td>0.0</td>\n",
       "      <td>0.573</td>\n",
       "      <td>6.794</td>\n",
       "      <td>89.3</td>\n",
       "      <td>2.3889</td>\n",
       "      <td>1.0</td>\n",
       "      <td>273.0</td>\n",
       "      <td>21.0</td>\n",
       "      <td>393.45</td>\n",
       "      <td>6.48</td>\n",
       "      <td>22.0</td>\n",
       "    </tr>\n",
       "    <tr>\n",
       "      <th>505</th>\n",
       "      <td>0.04741</td>\n",
       "      <td>0.0</td>\n",
       "      <td>11.93</td>\n",
       "      <td>0.0</td>\n",
       "      <td>0.573</td>\n",
       "      <td>6.030</td>\n",
       "      <td>80.8</td>\n",
       "      <td>2.5050</td>\n",
       "      <td>1.0</td>\n",
       "      <td>273.0</td>\n",
       "      <td>21.0</td>\n",
       "      <td>396.90</td>\n",
       "      <td>7.88</td>\n",
       "      <td>11.9</td>\n",
       "    </tr>\n",
       "  </tbody>\n",
       "</table>\n",
       "</div>"
      ],
      "text/plain": [
       "        CRIM   ZN  INDUS  CHAS    NOX     RM   AGE     DIS  RAD    TAX  \\\n",
       "501  0.06263  0.0  11.93   0.0  0.573  6.593  69.1  2.4786  1.0  273.0   \n",
       "502  0.04527  0.0  11.93   0.0  0.573  6.120  76.7  2.2875  1.0  273.0   \n",
       "503  0.06076  0.0  11.93   0.0  0.573  6.976  91.0  2.1675  1.0  273.0   \n",
       "504  0.10959  0.0  11.93   0.0  0.573  6.794  89.3  2.3889  1.0  273.0   \n",
       "505  0.04741  0.0  11.93   0.0  0.573  6.030  80.8  2.5050  1.0  273.0   \n",
       "\n",
       "     PTRATIO       B  LSTAT  PRICE  \n",
       "501     21.0  391.99   9.67   22.4  \n",
       "502     21.0  396.90   9.08   20.6  \n",
       "503     21.0  396.90   5.64   23.9  \n",
       "504     21.0  393.45   6.48   22.0  \n",
       "505     21.0  396.90   7.88   11.9  "
      ]
     },
     "execution_count": 22,
     "metadata": {},
     "output_type": "execute_result"
    }
   ],
   "source": [
    "dfAtest.tail()"
   ]
  },
  {
   "cell_type": "code",
   "execution_count": 24,
   "metadata": {},
   "outputs": [
    {
     "data": {
      "text/html": [
       "<div>\n",
       "<style scoped>\n",
       "    .dataframe tbody tr th:only-of-type {\n",
       "        vertical-align: middle;\n",
       "    }\n",
       "\n",
       "    .dataframe tbody tr th {\n",
       "        vertical-align: top;\n",
       "    }\n",
       "\n",
       "    .dataframe thead th {\n",
       "        text-align: right;\n",
       "    }\n",
       "</style>\n",
       "<table border=\"1\" class=\"dataframe\">\n",
       "  <thead>\n",
       "    <tr style=\"text-align: right;\">\n",
       "      <th></th>\n",
       "      <th>CRIM</th>\n",
       "      <th>ZN</th>\n",
       "      <th>INDUS</th>\n",
       "      <th>CHAS</th>\n",
       "      <th>NOX</th>\n",
       "      <th>RM</th>\n",
       "      <th>AGE</th>\n",
       "      <th>DIS</th>\n",
       "      <th>RAD</th>\n",
       "      <th>TAX</th>\n",
       "      <th>PTRATIO</th>\n",
       "      <th>B</th>\n",
       "      <th>LSTAT</th>\n",
       "      <th>PRICE</th>\n",
       "    </tr>\n",
       "  </thead>\n",
       "  <tbody>\n",
       "    <tr>\n",
       "      <th>CRIM</th>\n",
       "      <td>1.000000</td>\n",
       "      <td>-0.166890</td>\n",
       "      <td>0.370996</td>\n",
       "      <td>-0.007658</td>\n",
       "      <td>0.397159</td>\n",
       "      <td>-0.184066</td>\n",
       "      <td>0.303537</td>\n",
       "      <td>-0.339010</td>\n",
       "      <td>0.654754</td>\n",
       "      <td>0.604794</td>\n",
       "      <td>0.223664</td>\n",
       "      <td>-0.056239</td>\n",
       "      <td>0.418584</td>\n",
       "      <td>-0.308585</td>\n",
       "    </tr>\n",
       "    <tr>\n",
       "      <th>ZN</th>\n",
       "      <td>-0.166890</td>\n",
       "      <td>1.000000</td>\n",
       "      <td>-0.506528</td>\n",
       "      <td>-0.078943</td>\n",
       "      <td>-0.491188</td>\n",
       "      <td>0.309421</td>\n",
       "      <td>-0.557080</td>\n",
       "      <td>0.642824</td>\n",
       "      <td>-0.244475</td>\n",
       "      <td>-0.229858</td>\n",
       "      <td>-0.332829</td>\n",
       "      <td>0.133939</td>\n",
       "      <td>-0.392262</td>\n",
       "      <td>0.314426</td>\n",
       "    </tr>\n",
       "    <tr>\n",
       "      <th>INDUS</th>\n",
       "      <td>0.370996</td>\n",
       "      <td>-0.506528</td>\n",
       "      <td>1.000000</td>\n",
       "      <td>0.150419</td>\n",
       "      <td>0.753109</td>\n",
       "      <td>-0.406524</td>\n",
       "      <td>0.616278</td>\n",
       "      <td>-0.676835</td>\n",
       "      <td>0.478076</td>\n",
       "      <td>0.604623</td>\n",
       "      <td>0.247341</td>\n",
       "      <td>-0.272036</td>\n",
       "      <td>0.562216</td>\n",
       "      <td>-0.390934</td>\n",
       "    </tr>\n",
       "    <tr>\n",
       "      <th>CHAS</th>\n",
       "      <td>-0.007658</td>\n",
       "      <td>-0.078943</td>\n",
       "      <td>0.150419</td>\n",
       "      <td>1.000000</td>\n",
       "      <td>0.164657</td>\n",
       "      <td>0.079276</td>\n",
       "      <td>0.138089</td>\n",
       "      <td>-0.160595</td>\n",
       "      <td>0.116658</td>\n",
       "      <td>0.075813</td>\n",
       "      <td>-0.074926</td>\n",
       "      <td>-0.052024</td>\n",
       "      <td>-0.006858</td>\n",
       "      <td>0.142752</td>\n",
       "    </tr>\n",
       "    <tr>\n",
       "      <th>NOX</th>\n",
       "      <td>0.397159</td>\n",
       "      <td>-0.491188</td>\n",
       "      <td>0.753109</td>\n",
       "      <td>0.164657</td>\n",
       "      <td>1.000000</td>\n",
       "      <td>-0.319490</td>\n",
       "      <td>0.719280</td>\n",
       "      <td>-0.755375</td>\n",
       "      <td>0.548864</td>\n",
       "      <td>0.624159</td>\n",
       "      <td>0.041972</td>\n",
       "      <td>-0.347498</td>\n",
       "      <td>0.547472</td>\n",
       "      <td>-0.323931</td>\n",
       "    </tr>\n",
       "    <tr>\n",
       "      <th>RM</th>\n",
       "      <td>-0.184066</td>\n",
       "      <td>0.309421</td>\n",
       "      <td>-0.406524</td>\n",
       "      <td>0.079276</td>\n",
       "      <td>-0.319490</td>\n",
       "      <td>1.000000</td>\n",
       "      <td>-0.237949</td>\n",
       "      <td>0.171442</td>\n",
       "      <td>-0.229655</td>\n",
       "      <td>-0.310383</td>\n",
       "      <td>-0.361922</td>\n",
       "      <td>0.198575</td>\n",
       "      <td>-0.645324</td>\n",
       "      <td>0.748162</td>\n",
       "    </tr>\n",
       "    <tr>\n",
       "      <th>AGE</th>\n",
       "      <td>0.303537</td>\n",
       "      <td>-0.557080</td>\n",
       "      <td>0.616278</td>\n",
       "      <td>0.138089</td>\n",
       "      <td>0.719280</td>\n",
       "      <td>-0.237949</td>\n",
       "      <td>1.000000</td>\n",
       "      <td>-0.729570</td>\n",
       "      <td>0.402101</td>\n",
       "      <td>0.449627</td>\n",
       "      <td>0.167097</td>\n",
       "      <td>-0.207007</td>\n",
       "      <td>0.575258</td>\n",
       "      <td>-0.294217</td>\n",
       "    </tr>\n",
       "    <tr>\n",
       "      <th>DIS</th>\n",
       "      <td>-0.339010</td>\n",
       "      <td>0.642824</td>\n",
       "      <td>-0.676835</td>\n",
       "      <td>-0.160595</td>\n",
       "      <td>-0.755375</td>\n",
       "      <td>0.171442</td>\n",
       "      <td>-0.729570</td>\n",
       "      <td>1.000000</td>\n",
       "      <td>-0.436184</td>\n",
       "      <td>-0.460266</td>\n",
       "      <td>-0.108714</td>\n",
       "      <td>0.203981</td>\n",
       "      <td>-0.435527</td>\n",
       "      <td>0.132128</td>\n",
       "    </tr>\n",
       "    <tr>\n",
       "      <th>RAD</th>\n",
       "      <td>0.654754</td>\n",
       "      <td>-0.244475</td>\n",
       "      <td>0.478076</td>\n",
       "      <td>0.116658</td>\n",
       "      <td>0.548864</td>\n",
       "      <td>-0.229655</td>\n",
       "      <td>0.402101</td>\n",
       "      <td>-0.436184</td>\n",
       "      <td>1.000000</td>\n",
       "      <td>0.877950</td>\n",
       "      <td>0.347270</td>\n",
       "      <td>-0.055135</td>\n",
       "      <td>0.395295</td>\n",
       "      <td>-0.237589</td>\n",
       "    </tr>\n",
       "    <tr>\n",
       "      <th>TAX</th>\n",
       "      <td>0.604794</td>\n",
       "      <td>-0.229858</td>\n",
       "      <td>0.604623</td>\n",
       "      <td>0.075813</td>\n",
       "      <td>0.624159</td>\n",
       "      <td>-0.310383</td>\n",
       "      <td>0.449627</td>\n",
       "      <td>-0.460266</td>\n",
       "      <td>0.877950</td>\n",
       "      <td>1.000000</td>\n",
       "      <td>0.316534</td>\n",
       "      <td>-0.157640</td>\n",
       "      <td>0.450959</td>\n",
       "      <td>-0.344826</td>\n",
       "    </tr>\n",
       "    <tr>\n",
       "      <th>PTRATIO</th>\n",
       "      <td>0.223664</td>\n",
       "      <td>-0.332829</td>\n",
       "      <td>0.247341</td>\n",
       "      <td>-0.074926</td>\n",
       "      <td>0.041972</td>\n",
       "      <td>-0.361922</td>\n",
       "      <td>0.167097</td>\n",
       "      <td>-0.108714</td>\n",
       "      <td>0.347270</td>\n",
       "      <td>0.316534</td>\n",
       "      <td>1.000000</td>\n",
       "      <td>0.077394</td>\n",
       "      <td>0.301947</td>\n",
       "      <td>-0.445596</td>\n",
       "    </tr>\n",
       "    <tr>\n",
       "      <th>B</th>\n",
       "      <td>-0.056239</td>\n",
       "      <td>0.133939</td>\n",
       "      <td>-0.272036</td>\n",
       "      <td>-0.052024</td>\n",
       "      <td>-0.347498</td>\n",
       "      <td>0.198575</td>\n",
       "      <td>-0.207007</td>\n",
       "      <td>0.203981</td>\n",
       "      <td>-0.055135</td>\n",
       "      <td>-0.157640</td>\n",
       "      <td>0.077394</td>\n",
       "      <td>1.000000</td>\n",
       "      <td>-0.165314</td>\n",
       "      <td>0.142901</td>\n",
       "    </tr>\n",
       "    <tr>\n",
       "      <th>LSTAT</th>\n",
       "      <td>0.418584</td>\n",
       "      <td>-0.392262</td>\n",
       "      <td>0.562216</td>\n",
       "      <td>-0.006858</td>\n",
       "      <td>0.547472</td>\n",
       "      <td>-0.645324</td>\n",
       "      <td>0.575258</td>\n",
       "      <td>-0.435527</td>\n",
       "      <td>0.395295</td>\n",
       "      <td>0.450959</td>\n",
       "      <td>0.301947</td>\n",
       "      <td>-0.165314</td>\n",
       "      <td>1.000000</td>\n",
       "      <td>-0.711060</td>\n",
       "    </tr>\n",
       "    <tr>\n",
       "      <th>PRICE</th>\n",
       "      <td>-0.308585</td>\n",
       "      <td>0.314426</td>\n",
       "      <td>-0.390934</td>\n",
       "      <td>0.142752</td>\n",
       "      <td>-0.323931</td>\n",
       "      <td>0.748162</td>\n",
       "      <td>-0.294217</td>\n",
       "      <td>0.132128</td>\n",
       "      <td>-0.237589</td>\n",
       "      <td>-0.344826</td>\n",
       "      <td>-0.445596</td>\n",
       "      <td>0.142901</td>\n",
       "      <td>-0.711060</td>\n",
       "      <td>1.000000</td>\n",
       "    </tr>\n",
       "  </tbody>\n",
       "</table>\n",
       "</div>"
      ],
      "text/plain": [
       "             CRIM        ZN     INDUS      CHAS       NOX        RM       AGE  \\\n",
       "CRIM     1.000000 -0.166890  0.370996 -0.007658  0.397159 -0.184066  0.303537   \n",
       "ZN      -0.166890  1.000000 -0.506528 -0.078943 -0.491188  0.309421 -0.557080   \n",
       "INDUS    0.370996 -0.506528  1.000000  0.150419  0.753109 -0.406524  0.616278   \n",
       "CHAS    -0.007658 -0.078943  0.150419  1.000000  0.164657  0.079276  0.138089   \n",
       "NOX      0.397159 -0.491188  0.753109  0.164657  1.000000 -0.319490  0.719280   \n",
       "RM      -0.184066  0.309421 -0.406524  0.079276 -0.319490  1.000000 -0.237949   \n",
       "AGE      0.303537 -0.557080  0.616278  0.138089  0.719280 -0.237949  1.000000   \n",
       "DIS     -0.339010  0.642824 -0.676835 -0.160595 -0.755375  0.171442 -0.729570   \n",
       "RAD      0.654754 -0.244475  0.478076  0.116658  0.548864 -0.229655  0.402101   \n",
       "TAX      0.604794 -0.229858  0.604623  0.075813  0.624159 -0.310383  0.449627   \n",
       "PTRATIO  0.223664 -0.332829  0.247341 -0.074926  0.041972 -0.361922  0.167097   \n",
       "B       -0.056239  0.133939 -0.272036 -0.052024 -0.347498  0.198575 -0.207007   \n",
       "LSTAT    0.418584 -0.392262  0.562216 -0.006858  0.547472 -0.645324  0.575258   \n",
       "PRICE   -0.308585  0.314426 -0.390934  0.142752 -0.323931  0.748162 -0.294217   \n",
       "\n",
       "              DIS       RAD       TAX   PTRATIO         B     LSTAT     PRICE  \n",
       "CRIM    -0.339010  0.654754  0.604794  0.223664 -0.056239  0.418584 -0.308585  \n",
       "ZN       0.642824 -0.244475 -0.229858 -0.332829  0.133939 -0.392262  0.314426  \n",
       "INDUS   -0.676835  0.478076  0.604623  0.247341 -0.272036  0.562216 -0.390934  \n",
       "CHAS    -0.160595  0.116658  0.075813 -0.074926 -0.052024 -0.006858  0.142752  \n",
       "NOX     -0.755375  0.548864  0.624159  0.041972 -0.347498  0.547472 -0.323931  \n",
       "RM       0.171442 -0.229655 -0.310383 -0.361922  0.198575 -0.645324  0.748162  \n",
       "AGE     -0.729570  0.402101  0.449627  0.167097 -0.207007  0.575258 -0.294217  \n",
       "DIS      1.000000 -0.436184 -0.460266 -0.108714  0.203981 -0.435527  0.132128  \n",
       "RAD     -0.436184  1.000000  0.877950  0.347270 -0.055135  0.395295 -0.237589  \n",
       "TAX     -0.460266  0.877950  1.000000  0.316534 -0.157640  0.450959 -0.344826  \n",
       "PTRATIO -0.108714  0.347270  0.316534  1.000000  0.077394  0.301947 -0.445596  \n",
       "B        0.203981 -0.055135 -0.157640  0.077394  1.000000 -0.165314  0.142901  \n",
       "LSTAT   -0.435527  0.395295  0.450959  0.301947 -0.165314  1.000000 -0.711060  \n",
       "PRICE    0.132128 -0.237589 -0.344826 -0.445596  0.142901 -0.711060  1.000000  "
      ]
     },
     "execution_count": 24,
     "metadata": {},
     "output_type": "execute_result"
    }
   ],
   "source": [
    "dfAtrain.corr()"
   ]
  },
  {
   "cell_type": "code",
   "execution_count": 26,
   "metadata": {},
   "outputs": [],
   "source": [
    "from sklearn.linear_model import LinearRegression\n",
    "model1 = LinearRegression()\n",
    "model2 = LinearRegression()"
   ]
  },
  {
   "cell_type": "code",
   "execution_count": 27,
   "metadata": {},
   "outputs": [
    {
     "data": {
      "text/plain": [
       "LinearRegression(copy_X=True, fit_intercept=True, n_jobs=None, normalize=False)"
      ]
     },
     "execution_count": 27,
     "metadata": {},
     "output_type": "execute_result"
    }
   ],
   "source": [
    "# model 1: linear regression \n",
    "# train: dfA, features: ['RM', 'LSTAT'], target: ['PRICE']\n",
    "\n",
    "model1.fit(dfA[['RM', 'LSTAT']], dfA['PRICE'])"
   ]
  },
  {
   "cell_type": "code",
   "execution_count": 28,
   "metadata": {},
   "outputs": [
    {
     "data": {
      "text/plain": [
       "LinearRegression(copy_X=True, fit_intercept=True, n_jobs=None, normalize=False)"
      ]
     },
     "execution_count": 28,
     "metadata": {},
     "output_type": "execute_result"
    }
   ],
   "source": [
    "# model 2: linear regression \n",
    "# train: dfAtrain, features: ['RM', 'LSTAT'], target: ['PRICE']\n",
    "# test: dfAtest, features: ['RM', 'LSTAT'], target: ['PRICE']\n",
    "\n",
    "model2.fit(dfAtrain[['RM', 'LSTAT']], dfAtrain['PRICE'])"
   ]
  },
  {
   "cell_type": "code",
   "execution_count": 29,
   "metadata": {},
   "outputs": [
    {
     "name": "stdout",
     "output_type": "stream",
     "text": [
      "[ 5.09478798 -0.64235833] -1.358272811874457\n",
      "[ 6.28559228 -0.52915375] -9.62840258887513\n"
     ]
    }
   ],
   "source": [
    "print(model1.coef_, model1.intercept_)\n",
    "print(model2.coef_, model2.intercept_)"
   ]
  },
  {
   "cell_type": "code",
   "execution_count": 34,
   "metadata": {},
   "outputs": [
    {
     "data": {
